1.012000000000000052e-02,4.586590846609018968e+01
1.038000000000000034e-02,4.896886070848911743e+01
1.043000000000000003e-02,4.623384364945102476e+01
1.081999999999999976e-02,4.805294397787735505e+01
1.209000000000000005e-02,4.740454691329853176e+01
1.220000000000000077e-02,5.906361166524279582e+01
1.226000000000000006e-02,5.935810121461373967e+01
1.268000000000000030e-02,5.884641361768437662e+01
1.271000000000000081e-02,5.447785507292782370e+01
1.290999999999999960e-02,5.224683656854387692e+01
1.318000000000000074e-02,6.183153098239534273e+01
1.382000000000000069e-02,5.965817997955324614e+01
1.401999999999999948e-02,6.450746865073961089e+01
1.447000000000000022e-02,6.429245358430995338e+01
1.451000000000000033e-02,7.234524637674380187e+01
1.454000000000000084e-02,7.569548919024354916e+01
1.472000000000000045e-02,6.355650395385734441e+01
1.503999999999999955e-02,6.604348771279676100e+01
1.506000000000000047e-02,6.365902753690438942e+01
1.519999999999999997e-02,6.124773038740223541e+01
1.529999999999999936e-02,6.517784543191373814e+01
1.531000000000000069e-02,6.758806296626796950e+01
1.531000000000000069e-02,6.302458577709476373e+01
1.532000000000000028e-02,7.408324549625312727e+01
1.566999999999999990e-02,5.836332150719495360e+01
1.567999999999999949e-02,6.788596564332225114e+01
1.572000000000000133e-02,7.115902682240408694e+01
1.628999999999999893e-02,8.229434633933412613e+01
1.634999999999999995e-02,7.188197481794037458e+01
1.661999999999999936e-02,6.400884637196975291e+01
1.662999999999999895e-02,7.634313673910344278e+01
1.677999999999999978e-02,7.334491337803494559e+01
1.696999999999999897e-02,7.289034402507287780e+01
1.697999999999999857e-02,6.515383744897368956e+01
1.704999999999999918e-02,7.100517465206334577e+01
1.723999999999999838e-02,7.343109425116097100e+01
1.726000000000000104e-02,7.296590946618904638e+01
1.731999999999999859e-02,7.150888395100450623e+01
1.739999999999999880e-02,8.574128737478639550e+01
1.740999999999999839e-02,7.943282347242821118e+01
1.752000000000000085e-02,7.783232431054668155e+01
1.754000000000000004e-02,7.530433886787119491e+01
1.762999999999999984e-02,7.363427243450902893e+01
1.907999999999999974e-02,8.926475143630314335e+01
1.969999999999999876e-02,9.352118476273285808e+01
1.972000000000000142e-02,8.615688724813202271e+01
2.019999999999999921e-02,7.666020918636603199e+01
2.024000000000000105e-02,8.656852144336413346e+01
2.031000000000000166e-02,8.732327193137672339e+01
2.037999999999999881e-02,9.245065661318294303e+01
2.040000000000000147e-02,1.050364415023475146e+02
2.091000000000000150e-02,8.978214975677509813e+01
2.120000000000000009e-02,9.317941939223265990e+01
2.171000000000000013e-02,9.558725718846922348e+01
2.188999999999999974e-02,9.686569526198552182e+01
2.196999999999999995e-02,8.984419049431380699e+01
2.210000000000000159e-02,1.086175493670885714e+02
2.222999999999999976e-02,9.085733624050882895e+01
2.248999999999999957e-02,9.861659425453440520e+01
2.274999999999999939e-02,9.704205840904695890e+01
2.348000000000000087e-02,1.029271624303755459e+02
2.349000000000000046e-02,1.010927475079647735e+02
2.384000000000000008e-02,1.047755622410285952e+02
2.398000000000000131e-02,1.108613084285152581e+02
2.401000000000000009e-02,1.089657468876863788e+02
2.414000000000000173e-02,1.037695659118333538e+02
2.453999999999999931e-02,1.000046052762254050e+02
2.477000000000000035e-02,1.027684958234545718e+02
2.481999999999999831e-02,1.023269430360122243e+02
2.525000000000000161e-02,1.110784983577095630e+02
2.528999999999999998e-02,1.091239304225188391e+02
2.546999999999999958e-02,1.130186199753450182e+02
2.556999999999999898e-02,1.127560880277729893e+02
2.559000000000000163e-02,9.778674722230257998e+01
2.580000000000000002e-02,1.297059801859702475e+02
2.627000000000000168e-02,1.193355942255455489e+02
2.639000000000000026e-02,1.165762282800777569e+02
2.642999999999999863e-02,1.157897190052029401e+02
2.650999999999999884e-02,1.240195068243350391e+02
2.673000000000000029e-02,1.186342256837083085e+02
2.689000000000000071e-02,1.135246051354340580e+02
2.750999999999999973e-02,1.201046992327135712e+02
2.751999999999999932e-02,1.340262912368979187e+02
2.751999999999999932e-02,1.239880986006665751e+02
2.762999999999999831e-02,1.339399091429114890e+02
2.810999999999999957e-02,1.410262636948750696e+02
2.836999999999999938e-02,1.261478926922286092e+02
2.844999999999999959e-02,1.229051270273759684e+02
2.845999999999999919e-02,1.205091435605468178e+02
2.878000000000000003e-02,1.263775698683460007e+02
2.879999999999999921e-02,1.254093739982639875e+02
2.894000000000000045e-02,1.217222579693287088e+02
2.931999999999999884e-02,1.129691861415452365e+02
2.949999999999999845e-02,1.408510211802170318e+02
2.989999999999999949e-02,1.343569077766508997e+02
3.000999999999999848e-02,1.302146955887953652e+02
3.048000000000000015e-02,1.350796728048676698e+02
3.048999999999999974e-02,1.372302959695544473e+02
3.055000000000000077e-02,1.142536281286615463e+02
3.144000000000000267e-02,1.392483314750433294e+02
3.155000000000000165e-02,1.275204979747972658e+02
3.160999999999999921e-02,1.427973013440684440e+02
3.162999999999999839e-02,1.330239991343617305e+02
3.184000000000000025e-02,1.407505174012243572e+02
3.191000000000000086e-02,1.579101332461704033e+02
3.212000000000000272e-02,1.340386360830015917e+02
3.219999999999999946e-02,1.494169957406702167e+02
3.273000000000000215e-02,1.435026760811810789e+02
3.280000000000000276e-02,1.614990604173661950e+02
3.291999999999999788e-02,1.480471324897628165e+02
3.314000000000000279e-02,1.440290181165631509e+02
3.348000000000000281e-02,1.499822967941367722e+02
3.359000000000000180e-02,1.580192513855552363e+02
3.377999999999999753e-02,1.437440907193246744e+02
3.398999999999999938e-02,1.413415989389385743e+02
3.407999999999999918e-02,1.445273367921581666e+02
3.411000000000000143e-02,1.524052753797290620e+02
3.416000000000000286e-02,1.567220125402832025e+02
3.425999999999999879e-02,1.492863156885032652e+02
3.434000000000000247e-02,1.594373252686694116e+02
3.438000000000000084e-02,1.590083752591700659e+02
3.488999999999999740e-02,1.424524752732422996e+02
3.500999999999999945e-02,1.627871050899961460e+02
3.506999999999999701e-02,1.479891923400763574e+02
3.518000000000000294e-02,1.460461120694416763e+02
3.577999999999999931e-02,1.579101332461704033e+02
3.681999999999999856e-02,1.714391481070880729e+02
3.699999999999999817e-02,1.697344509954013745e+02
3.713000000000000328e-02,1.556288111912309944e+02
3.729999999999999982e-02,1.753557454868526122e+02
3.742999999999999799e-02,1.714588869046624779e+02
3.790999999999999925e-02,1.574055350724872255e+02
3.799999999999999906e-02,1.711118158183219862e+02
3.826999999999999846e-02,1.902961491702782553e+02
3.837000000000000133e-02,1.821461516576074757e+02
3.862999999999999767e-02,1.787680899729873829e+02
3.984000000000000041e-02,1.665252138324200075e+02
4.028000000000000330e-02,1.754365183891788149e+02
4.066999999999999782e-02,1.732048305537736326e+02
4.093000000000000110e-02,1.682829048216156309e+02
4.093000000000000110e-02,1.952360443975237843e+02
4.150000000000000216e-02,1.902567176792956332e+02
4.268999999999999878e-02,1.847778884926357250e+02
4.309999999999999942e-02,1.885167743162598128e+02
4.340999999999999720e-02,1.846247839057828912e+02
4.436999999999999972e-02,1.840051591667640594e+02
4.436999999999999972e-02,1.675598643109271393e+02
4.485999999999999710e-02,2.094594698581395278e+02
4.581999999999999962e-02,2.180268599147720181e+02
4.596999999999999698e-02,2.169901399902119294e+02
4.651000000000000273e-02,2.071905770635382851e+02
4.710000000000000298e-02,1.891646581898634736e+02
4.712999999999999828e-02,2.058638070763878432e+02
4.714000000000000135e-02,2.053761460872839564e+02
4.818999999999999673e-02,2.327448071141599257e+02
4.948999999999999927e-02,2.212126711977615514e+02
4.975999999999999868e-02,2.241558099840547982e+02
5.034999999999999892e-02,2.178010654860422051e+02
5.066999999999999976e-02,2.479990401810012770e+02
5.091999999999999998e-02,2.312437481024513488e+02
5.322000000000000342e-02,2.487883271955767555e+02
5.344000000000000139e-02,2.537523073820317165e+02
5.358999999999999875e-02,2.364503711212873895e+02
5.417999999999999899e-02,2.209835774579337340e+02
5.457999999999999657e-02,2.346496982155430544e+02
5.494999999999999885e-02,2.514027361303012924e+02
5.573000000000000176e-02,2.467913876919015195e+02
5.580999999999999850e-02,2.120459587839973210e+02
5.684000000000000163e-02,2.671222105297690064e+02
5.714999999999999941e-02,2.578635753599819509e+02
5.720999999999999697e-02,2.517039320320346008e+02
5.890000000000000097e-02,2.744100418256570038e+02
5.895000000000000240e-02,2.717315086555934727e+02
5.947999999999999815e-02,2.651856381683708150e+02
6.119000000000000133e-02,2.916889653579231094e+02
6.440999999999999504e-02,3.161913610455157482e+02
6.454999999999999627e-02,2.740879862000350045e+02
6.481000000000000649e-02,2.853054054761755083e+02
6.558999999999999553e-02,2.900747990114991808e+02
6.640999999999999681e-02,3.003447189346322830e+02
6.844999999999999696e-02,3.483934649026601846e+02
6.876999999999999780e-02,3.263097120409356080e+02
6.887999999999999678e-02,3.277630558169172446e+02
7.059999999999999609e-02,3.774591868665684160e+02
7.062999999999999834e-02,3.103487496388503359e+02
7.141000000000000125e-02,3.247057654551725818e+02
7.180000000000000271e-02,3.036826636280495109e+02
7.369000000000000550e-02,3.365890629492513995e+02
7.514999999999999458e-02,2.868401890079775853e+02
7.523000000000000520e-02,3.465452895229166188e+02
7.549999999999999767e-02,3.594181463147148179e+02
7.877000000000000668e-02,4.280751327206745600e+02
7.882999999999999730e-02,3.872041469963878626e+02
7.975999999999999757e-02,3.526955661130857607e+02
8.161999999999999811e-02,3.821202031837348727e+02
8.222999999999999754e-02,3.853807343903152969e+02
8.286000000000000310e-02,3.833363470613891764e+02
8.328000000000000680e-02,4.253632837335767931e+02
8.533999999999999919e-02,4.023184968531310233e+02
8.575000000000000677e-02,3.995765566188050002e+02
8.798000000000000265e-02,4.129714228358631090e+02
8.833000000000000573e-02,3.768599620031127984e+02
8.859000000000000208e-02,4.061533128757668578e+02
8.959999999999999909e-02,4.215120552830538827e+02
9.120999999999999941e-02,4.281638530609687905e+02
9.200999999999999457e-02,4.687486176568320957e+02
9.278000000000000136e-02,4.482496921824956075e+02
9.389999999999999736e-02,4.676382213332919378e+02
9.400000000000000022e-02,4.547785786436917306e+02
9.640999999999999570e-02,4.408592931591311412e+02
9.929000000000000326e-02,5.206909147790828456e+02
1.003600000000000048e-01,4.692561790348700015e+02
1.004400000000000015e-01,4.967524297060844560e+02
1.022699999999999998e-01,4.904785282959787196e+02
1.024199999999999972e-01,5.137241710056238162e+02
1.028000000000000025e-01,5.156440371714862749e+02
1.029299999999999937e-01,4.579414975230042160e+02
1.029800000000000021e-01,5.153354278475500223e+02
1.034000000000000058e-01,5.016375060098047243e+02
1.035999999999999976e-01,4.700564323113759997e+02
1.058800000000000019e-01,5.050565409546685487e+02
1.064299999999999968e-01,4.989649046195714845e+02
1.068899999999999989e-01,5.292733171892289192e+02
1.072000000000000036e-01,5.235883803789530475e+02
1.075699999999999990e-01,5.357349751943063438e+02
1.090200000000000058e-01,5.181076442613748441e+02
1.098900000000000016e-01,5.476334910895864141e+02
1.122900000000000009e-01,5.704137686862471810e+02
1.137600000000000000e-01,5.074812489177090811e+02
1.163899999999999935e-01,5.482138458360370805e+02
1.165899999999999992e-01,5.713865326214919378e+02
1.176200000000000023e-01,5.805638632342548817e+02
1.178199999999999942e-01,5.232268232308871347e+02
1.178700000000000025e-01,5.628206196688234968e+02
1.187000000000000000e-01,5.414146461897823883e+02
1.187000000000000000e-01,5.885047872432970735e+02
1.194400000000000045e-01,5.584059021806147030e+02
1.198099999999999998e-01,6.462045327258814496e+02
1.200500000000000039e-01,5.671135186937248136e+02
1.202899999999999942e-01,6.081490042658177799e+02
1.206799999999999956e-01,5.672310553140937373e+02
1.217499999999999971e-01,5.600799166331853485e+02
1.218000000000000055e-01,6.253598575188477753e+02
1.221099999999999963e-01,5.684993860390337659e+02
1.228999999999999954e-01,5.740635865620764662e+02
1.229100000000000054e-01,5.862056500487356061e+02
1.234699999999999964e-01,5.807109296049463865e+02
1.236499999999999960e-01,6.234763725919211765e+02
1.236799999999999983e-01,5.760497599728500973e+02
1.243999999999999967e-01,5.965955367572735213e+02
1.253100000000000047e-01,5.938544292559312225e+02
1.262000000000000066e-01,5.671657541845886499e+02
1.263100000000000056e-01,6.266860104124893951e+02
1.267199999999999993e-01,6.098176639987863155e+02
1.267900000000000138e-01,6.145822315101278264e+02
1.268700000000000105e-01,6.289990651855154056e+02
1.278299999999999992e-01,6.198976643211642568e+02
1.289099999999999968e-01,6.280149755773021525e+02
1.291299999999999948e-01,6.048671515947567059e+02
1.292399999999999938e-01,6.344684047824296158e+02
1.294099999999999973e-01,6.157720892567907640e+02
1.299500000000000099e-01,6.906690579480061842e+02
1.322599999999999887e-01,7.342771270216503581e+02
1.326900000000000024e-01,6.131263768693328302e+02
1.336600000000000010e-01,6.292018632128784930e+02
1.352299999999999891e-01,6.942086167859598618e+02
1.352700000000000014e-01,7.471709875317125125e+02
1.365300000000000125e-01,6.270324256094659177e+02
1.365899999999999892e-01,6.796573220820998813e+02
1.367200000000000082e-01,6.730386425795155674e+02
1.367899999999999949e-01,6.807223344366083211e+02
1.371199999999999919e-01,8.026570045392506927e+02
1.379599999999999993e-01,6.494863079644208028e+02
1.380599999999999883e-01,6.616830352456106539e+02
1.381600000000000050e-01,7.077827926090023993e+02
1.382299999999999918e-01,6.900491098808504375e+02
1.384700000000000097e-01,7.583505393867573048e+02
1.385500000000000065e-01,6.823229828934977377e+02
1.388000000000000067e-01,6.988918885298787700e+02
1.394700000000000106e-01,6.854566592800966873e+02
1.405500000000000083e-01,7.148254395687641818e+02
1.413500000000000034e-01,7.054073816870513838e+02
1.416699999999999904e-01,6.907962956088292685e+02
1.434300000000000019e-01,7.178108192859966721e+02
1.439300000000000024e-01,7.033151944008200189e+02
1.440599999999999936e-01,6.971560490725121326e+02
1.446199999999999986e-01,6.952163864388201091e+02
1.451900000000000135e-01,7.273274859233699772e+02
1.453899999999999915e-01,8.531394016343192561e+02
1.456600000000000117e-01,6.525593248947765233e+02
1.464799999999999991e-01,7.281318023680557872e+02
1.471099999999999908e-01,6.842266727659520029e+02
1.472299999999999998e-01,7.046119428494441763e+02
1.476099999999999912e-01,7.202611664211535754e+02
1.477400000000000102e-01,7.047904326379795066e+02
1.486399999999999944e-01,7.305164500661898046e+02
1.494900000000000118e-01,8.134109228301862231e+02
1.506200000000000039e-01,7.098065456827343951e+02
1.506899999999999906e-01,7.370551753379339743e+02
1.517100000000000115e-01,6.896996411086496437e+02
1.525299999999999989e-01,7.890599488547518376e+02
1.526899999999999924e-01,7.369363856533457238e+02
1.528599999999999959e-01,7.594164494426706824e+02
1.529800000000000049e-01,7.584553166231801242e+02
1.533299999999999941e-01,7.054723551000059842e+02
1.535199999999999898e-01,8.026385228914955405e+02
1.547399999999999887e-01,7.017945641459651824e+02
1.549000000000000099e-01,7.673968284780526119e+02
1.549899999999999889e-01,8.100838983609042998e+02
1.562500000000000000e-01,7.543449720935607274e+02
1.567000000000000060e-01,7.672731486908986653e+02
1.567999999999999949e-01,7.392647526562241183e+02
1.567999999999999949e-01,8.031191840658093497e+02
1.581899999999999973e-01,6.972202624746441870e+02
1.588100000000000067e-01,7.572338157669801149e+02
1.593299999999999994e-01,7.040929568085432493e+02
1.594800000000000106e-01,8.260569700228471675e+02
1.601799999999999891e-01,7.320993141583215902e+02
1.603100000000000080e-01,7.856154215163136314e+02
1.603999999999999870e-01,7.537546424162205767e+02
1.604599999999999915e-01,8.174665674032835341e+02
1.605300000000000060e-01,7.354954662694220815e+02
1.613900000000000057e-01,7.847476069246826000e+02
1.616299999999999959e-01,8.075696705149334775e+02
1.626700000000000090e-01,8.504719609273221295e+02
1.638199999999999934e-01,7.669022289158983767e+02
1.644799999999999873e-01,7.697505360223346997e+02
1.650300000000000100e-01,7.888237901040855604e+02
1.651400000000000090e-01,7.921546939787536985e+02
1.657599999999999907e-01,7.360375990609073824e+02
1.679900000000000004e-01,7.770697447292042170e+02
1.693999999999999950e-01,8.532572753406666379e+02
1.694100000000000050e-01,9.397882265933246799e+02
1.700800000000000090e-01,8.507069874830523304e+02
1.704299999999999982e-01,8.030637084740571936e+02
1.714400000000000091e-01,8.658845687712727113e+02
1.715700000000000003e-01,8.394599865193964661e+02
1.728099999999999914e-01,9.507142423778929015e+02
1.733099999999999918e-01,8.141229544811642427e+02
1.735399999999999998e-01,9.467602158575058411e+02
1.735899999999999943e-01,7.900416730090702231e+02
1.736499999999999988e-01,8.824294627613953708e+02
1.737100000000000033e-01,8.638334159666434289e+02
1.741999999999999937e-01,8.896516734394986088e+02
1.742400000000000060e-01,8.460187728828750551e+02
1.746099999999999874e-01,9.574585903337765558e+02
1.753699999999999981e-01,8.502174220978458834e+02
1.767499999999999905e-01,8.651471869513750335e+02
1.768500000000000072e-01,8.471103734328168002e+02
1.770799999999999874e-01,9.448220061190311299e+02
1.774600000000000066e-01,8.856252700109455418e+02
1.774799999999999989e-01,7.840793208280994122e+02
1.776999999999999968e-01,8.933877639979982632e+02
1.777199999999999891e-01,8.330863141754765593e+02
1.781800000000000050e-01,1.060889130980358232e+03
1.783099999999999963e-01,9.017164654160028476e+02
1.786999999999999977e-01,9.130614352931731901e+02
1.789300000000000057e-01,8.633362965762217982e+02
1.791999999999999982e-01,9.757757032337907503e+02
1.796699999999999964e-01,9.466730200346978563e+02
1.797199999999999909e-01,8.716657865924589714e+02
1.800400000000000056e-01,1.038699685203151375e+03
1.804600000000000093e-01,8.081835380119626961e+02
1.805799999999999905e-01,8.610730562917929092e+02
1.806000000000000105e-01,9.063167365688768768e+02
1.807100000000000095e-01,8.899180181293543228e+02
1.812199999999999922e-01,8.361611782115778624e+02
1.814099999999999879e-01,9.229963848404506734e+02
1.815199999999999869e-01,9.436262202767251210e+02
1.821200000000000041e-01,9.035038343732385329e+02
1.822300000000000031e-01,8.854825355861624985e+02
1.826099999999999945e-01,9.916764502830159245e+02
1.835299999999999987e-01,9.582525861278438697e+02
1.835600000000000009e-01,8.690004473143600308e+02
1.836500000000000077e-01,9.784305400375366162e+02
1.844600000000000128e-01,8.973048186950363743e+02
1.845999999999999863e-01,9.068386046119524053e+02
1.845999999999999863e-01,9.780250985403754385e+02
1.847799999999999998e-01,9.016749407943202641e+02
1.848400000000000043e-01,8.773037788121555423e+02
1.853799999999999892e-01,9.357503538217872574e+02
1.854200000000000015e-01,8.862780632936490974e+02
1.854200000000000015e-01,9.714489875778270971e+02
1.856200000000000072e-01,9.478290167105706132e+02
1.862800000000000011e-01,9.661176137253140723e+02
1.890499999999999958e-01,8.332589747568524672e+02
1.890999999999999903e-01,9.490301284375948399e+02
1.891400000000000026e-01,1.140381071226476024e+03
1.895900000000000085e-01,9.551025399353958392e+02
1.898799999999999932e-01,9.397449487426189307e+02
1.900499999999999967e-01,9.145764199512965433e+02
1.902399999999999924e-01,1.022633463537400758e+03
1.907000000000000084e-01,1.043662310045609729e+03
1.914099999999999968e-01,7.780365510398040669e+02
1.918999999999999873e-01,9.689469499787369386e+02
1.935800000000000021e-01,9.980676978261608383e+02
1.957000000000000128e-01,1.007929137288502602e+03
1.958199999999999941e-01,9.676537856553051142e+02
1.958999999999999908e-01,9.764499780697707365e+02
1.960199999999999998e-01,9.555864875729739651e+02
1.963000000000000023e-01,1.050969227446844343e+03
1.965000000000000080e-01,1.065565129940922816e+03
1.969400000000000039e-01,9.916536163517902196e+02
1.973100000000000132e-01,9.269151914920378204e+02
1.977700000000000014e-01,9.510645629761231703e+02
1.983999999999999930e-01,1.018919796052828474e+03
1.984499999999999875e-01,1.004685189075602352e+03
1.985999999999999988e-01,1.020563424978748344e+03
1.993999999999999939e-01,9.106678403166705493e+02
1.995800000000000074e-01,1.005425741276257327e+03
1.998000000000000054e-01,1.029793153197444326e+03
2.007200000000000095e-01,1.059180557049336130e+03
2.007299999999999918e-01,9.671191881399739714e+02
2.019199999999999884e-01,9.061289376019444717e+02
2.024400000000000088e-01,1.001221115053888639e+03
2.028399999999999925e-01,1.064094013755682909e+03
2.029100000000000070e-01,1.019365661988253009e+03
2.029900000000000038e-01,1.047176771212971289e+03
2.031100000000000128e-01,9.878249701026750245e+02
2.031399999999999872e-01,1.020398942845779288e+03
2.032400000000000040e-01,1.023717199638462603e+03
2.043099999999999916e-01,1.030077734875653732e+03
2.049300000000000010e-01,1.166272405081966554e+03
2.053200000000000025e-01,1.062453667489242207e+03
2.056199999999999972e-01,9.843736956371117230e+02
2.058399999999999952e-01,9.789939320732457873e+02
2.071000000000000063e-01,1.224588001759633698e+03
2.082400000000000084e-01,1.025486624015028838e+03
2.082700000000000107e-01,1.048069300397560028e+03
2.086099999999999899e-01,9.967586196716638369e+02
2.088000000000000134e-01,1.126678482070995869e+03
2.098200000000000065e-01,1.150667905779896500e+03
2.102799999999999947e-01,1.018685208108461666e+03
2.103700000000000014e-01,9.892589771189175281e+02
2.105299999999999949e-01,1.209817883639906086e+03
2.107300000000000006e-01,1.065933226662886909e+03
2.107499999999999929e-01,1.060229783334597187e+03
2.107499999999999929e-01,1.020915975977965104e+03
2.107900000000000051e-01,1.159204344159012862e+03
2.113899999999999946e-01,1.011439709047071460e+03
2.115400000000000058e-01,1.285197878552947259e+03
2.119800000000000018e-01,1.041909505059589264e+03
2.123099999999999987e-01,1.096806460736848521e+03
2.131099999999999939e-01,1.035785912555335244e+03
2.131299999999999861e-01,1.062600461027755500e+03
2.132699999999999874e-01,1.087902563212644054e+03
2.143200000000000105e-01,1.107490475636423525e+03
2.143400000000000027e-01,1.063677566875559933e+03
2.149000000000000077e-01,1.319380314483870961e+03
2.164099999999999913e-01,9.980447167327121178e+02
2.165100000000000080e-01,1.102706666135002479e+03
2.173100000000000032e-01,1.086876002684070500e+03
2.173499999999999877e-01,1.144959170727473293e+03
2.179099999999999926e-01,1.165091409198658994e+03
2.184000000000000108e-01,1.077432322374699197e+03
2.185999999999999888e-01,1.189049678985094943e+03
2.186099999999999988e-01,1.132426438017709643e+03
2.191099999999999992e-01,1.140459848680966616e+03
2.192900000000000127e-01,1.033665449201397905e+03
2.194599999999999884e-01,1.120417800483212886e+03
2.195000000000000007e-01,1.202568987963231393e+03
2.198599999999999999e-01,1.112474333693358858e+03
2.204299999999999871e-01,1.105579557835528021e+03
2.214599999999999902e-01,1.107515976840613348e+03
2.214599999999999902e-01,1.089080544978039825e+03
2.222999999999999976e-01,1.167132063018136932e+03
2.225900000000000101e-01,1.247613311942256587e+03
2.230800000000000005e-01,1.164528173740608281e+03
2.237399999999999944e-01,1.072037556045360589e+03
2.242500000000000049e-01,1.297149402671305552e+03
2.244800000000000129e-01,1.031858152997469915e+03
2.250999999999999945e-01,1.127716669331469575e+03
2.255600000000000105e-01,1.128703833308945150e+03
2.256199999999999872e-01,1.058278565588893343e+03
2.264400000000000024e-01,1.136108999379138140e+03
2.279599999999999960e-01,1.113961034970609717e+03
2.285300000000000109e-01,1.183177766258453858e+03
2.288900000000000101e-01,1.199195527208255044e+03
2.293900000000000106e-01,1.137312991211265171e+03
2.294299999999999951e-01,1.179369792802380744e+03
2.302700000000000025e-01,1.209929317116488619e+03
2.307099999999999984e-01,1.070754726191335749e+03
2.308600000000000096e-01,1.220759183305183569e+03
2.315200000000000036e-01,1.159765004694738082e+03
2.335299999999999876e-01,1.159124271925366884e+03
2.335899999999999921e-01,1.140118519009583906e+03
2.336199999999999943e-01,1.324616010450728481e+03
2.346600000000000075e-01,1.129483783649523502e+03
2.351699999999999902e-01,1.198339845217271431e+03
2.360299999999999898e-01,1.291040897400535641e+03
2.364300000000000013e-01,1.135821277177386264e+03
2.365700000000000025e-01,1.210235812103055196e+03
2.368000000000000105e-01,1.214730678768066582e+03
2.375299999999999911e-01,1.210430894790234333e+03
2.382299999999999973e-01,1.347783080126785762e+03
2.385099999999999998e-01,1.315558000263770509e+03
2.394300000000000039e-01,1.056306616171983251e+03
2.400100000000000011e-01,1.255104827490855996e+03
2.407400000000000095e-01,1.277114982908462025e+03
2.411099999999999910e-01,1.253458616201944551e+03
2.414600000000000080e-01,1.125511663797683923e+03
2.416200000000000014e-01,1.191653519502273411e+03
2.417700000000000127e-01,1.409418604694739543e+03
2.423700000000000021e-01,1.308910645858929229e+03
2.427499999999999936e-01,1.406565626613117047e+03
2.428800000000000125e-01,1.217839342781250025e+03
2.431699999999999973e-01,1.348248668310720632e+03
2.441000000000000114e-01,1.180456532909482121e+03
2.448799999999999866e-01,1.131436018251463338e+03
2.449399999999999911e-01,1.231997992044746525e+03
2.451000000000000123e-01,1.354503089633931950e+03
2.452600000000000058e-01,1.429025570569101319e+03
2.452699999999999880e-01,1.056720177206319931e+03
2.452999999999999903e-01,1.268177372484555690e+03
2.457499999999999962e-01,1.275263706459727473e+03
2.458299999999999930e-01,1.139961016695338230e+03
2.459899999999999864e-01,1.286234043138712877e+03
2.461500000000000077e-01,1.214674739641065798e+03
2.461599999999999899e-01,1.292349562088107632e+03
2.464899999999999869e-01,1.294523682532454359e+03
2.480499999999999927e-01,1.192202422608186225e+03
2.482800000000000007e-01,1.274148361268506960e+03
2.483200000000000129e-01,1.256926839672380993e+03
2.484899999999999887e-01,1.312350980312300862e+03
2.486200000000000077e-01,1.319957658000394986e+03
2.487999999999999934e-01,1.278026914774572560e+03
2.489999999999999991e-01,1.217390756824291884e+03
2.493100000000000038e-01,1.433276565221638521e+03
2.494300000000000128e-01,1.245604016608246866e+03
2.495400000000000118e-01,1.298733371334044932e+03
2.499899999999999900e-01,1.318955065067484156e+03
2.500100000000000100e-01,1.430078903536062626e+03
2.500999999999999890e-01,1.379240495917927547e+03
2.501200000000000090e-01,1.266776505344631005e+03
2.505000000000000004e-01,1.303947181655230452e+03
2.505100000000000104e-01,1.217194552430294152e+03
2.508500000000000174e-01,1.449706212446592190e+03
2.514899999999999913e-01,1.323731793788189179e+03
2.516300000000000203e-01,1.338936559252963889e+03
2.521800000000000153e-01,1.298852994606840639e+03
2.524899999999999922e-01,1.322848167363963739e+03
2.534000000000000141e-01,1.253978238999703990e+03
2.557699999999999974e-01,1.402426146356642221e+03
2.562599999999999878e-01,1.352944557657900532e+03
2.564100000000000268e-01,1.365085960212922373e+03
2.565399999999999903e-01,1.282242005456887227e+03
2.569000000000000172e-01,1.410554919708228681e+03
2.569299999999999917e-01,1.364017681395877389e+03
2.574000000000000177e-01,1.426362787600360662e+03
2.576899999999999746e-01,1.366155075690405738e+03
2.584799999999999875e-01,1.281769697052274751e+03
2.604299999999999948e-01,1.388513159212295704e+03
2.605100000000000193e-01,1.335149815258821945e+03
2.608800000000000008e-01,1.417228900508596325e+03
2.610999999999999988e-01,1.320444037961662616e+03
2.613199999999999967e-01,1.483132664825866641e+03
2.613599999999999812e-01,1.298254988404752794e+03
2.619900000000000007e-01,1.293212816277497950e+03
2.631200000000000205e-01,1.439461322078156627e+03
2.631800000000000250e-01,1.417489987766058448e+03
2.632700000000000040e-01,1.221799660164871057e+03
2.634900000000000020e-01,1.291308470961800822e+03
2.637700000000000045e-01,1.360128685172695896e+03
2.638800000000000034e-01,1.238226230958994392e+03
2.638800000000000034e-01,1.337765525806986716e+03
2.641899999999999804e-01,1.481528464619661918e+03
2.646000000000000019e-01,1.345798376323280308e+03
2.655000000000000138e-01,1.236459796960101812e+03
2.665799999999999836e-01,1.401038275162085938e+03
2.680100000000000260e-01,1.333367913672184386e+03
2.682599999999999985e-01,1.505428036835234252e+03
2.682800000000000185e-01,1.445007163247707012e+03
2.684799999999999964e-01,1.407505174012246243e+03
2.684900000000000064e-01,1.347255607881340211e+03
2.686200000000000254e-01,1.303887134051034309e+03
2.699099999999999833e-01,1.371450066872612297e+03
2.700099999999999723e-01,1.423934458966175043e+03
2.704699999999999882e-01,1.340046904919403460e+03
2.705699999999999772e-01,1.407278329264021750e+03
2.708800000000000097e-01,1.333060929708226695e+03
2.713099999999999956e-01,1.386404629787473823e+03
2.730699999999999794e-01,1.384363053080867758e+03
2.744599999999999818e-01,1.427841498322310827e+03
2.750900000000000012e-01,1.372081788416655172e+03
2.750900000000000012e-01,1.518553160454367571e+03
2.751100000000000212e-01,1.426100066063295344e+03
2.753999999999999782e-01,1.478087009102999900e+03
2.763100000000000001e-01,1.603577669922738778e+03
2.771600000000000175e-01,1.803599058800061130e+03
2.780500000000000194e-01,1.436547530825825334e+03
2.790000000000000258e-01,1.514363034548890482e+03
2.794599999999999862e-01,1.366029253952324325e+03
2.798900000000000277e-01,1.378415030196793850e+03
2.805099999999999816e-01,1.431330744904476205e+03
2.825099999999999834e-01,1.566462490475453706e+03
2.831299999999999928e-01,1.475095030832198063e+03
2.836000000000000187e-01,1.451543315027141034e+03
2.839700000000000002e-01,1.390785006242590953e+03
2.839999999999999747e-01,1.495546772744393365e+03
2.840300000000000047e-01,1.379240495917927547e+03
2.850900000000000101e-01,1.586536251700471666e+03
2.853999999999999870e-01,1.334442914366623654e+03
2.854599999999999915e-01,1.490355930208695781e+03
2.857799999999999785e-01,1.470449113948478953e+03
2.862199999999999744e-01,1.460864716771353187e+03
2.863100000000000089e-01,1.646417600010106753e+03
2.870699999999999918e-01,1.481869638432988495e+03
2.871199999999999863e-01,1.359439861008104799e+03
2.884499999999999842e-01,1.501481549942708398e+03
2.885400000000000187e-01,1.534263664859282244e+03
2.896000000000000241e-01,1.671090614310703586e+03
2.900300000000000100e-01,1.426527013138357461e+03
2.902000000000000135e-01,1.473126357245284225e+03
2.908000000000000029e-01,1.340293773418304909e+03
2.908999999999999919e-01,1.384171809468055244e+03
2.912100000000000244e-01,1.527179198641114226e+03
2.917199999999999793e-01,1.494273174575761686e+03
2.921199999999999908e-01,1.303376841048730057e+03
2.924499999999999877e-01,1.491900982640433085e+03
2.928200000000000247e-01,1.506329564468652279e+03
2.929100000000000037e-01,1.544720819720986810e+03
2.931799999999999962e-01,1.570182020041339456e+03
2.953200000000000269e-01,1.714588869046621085e+03
2.955999999999999739e-01,1.681976795538944089e+03
2.964899999999999758e-01,1.475638576043374542e+03
2.984299999999999731e-01,1.900946962623648687e+03
2.985900000000000221e-01,1.634594374690645964e+03
2.988000000000000100e-01,1.441019971948784132e+03
2.991099999999999870e-01,1.527390200819718302e+03
2.994800000000000240e-01,1.662225727790655583e+03
3.000399999999999734e-01,1.459083008544752147e+03
3.000599999999999934e-01,1.603503824142352187e+03
3.001199999999999979e-01,1.667899966657840650e+03
3.007799999999999918e-01,1.835143374083314484e+03
3.014299999999999757e-01,1.747712530543748699e+03
3.015599999999999947e-01,1.574635360981927079e+03
3.015800000000000147e-01,1.616181011735120592e+03
3.024899999999999811e-01,1.594777133642164245e+03
3.031699999999999950e-01,1.796387399063893099e+03
3.033699999999999730e-01,1.635497934564130674e+03
3.036900000000000155e-01,1.510949676421810864e+03
3.052500000000000213e-01,1.616553194013057009e+03
3.053799999999999848e-01,1.432385777012573044e+03
3.054899999999999838e-01,1.659204817421624512e+03
3.056699999999999973e-01,1.648048544433085453e+03
3.061699999999999977e-01,1.719530961340464955e+03
3.064200000000000257e-01,1.650061001320225159e+03
3.066599999999999882e-01,1.804388290086579673e+03
3.080100000000000060e-01,1.863588406450816592e+03
3.088000000000000189e-01,1.766891982176877491e+03
3.089399999999999924e-01,1.677915168014005985e+03
3.089999999999999969e-01,1.746948088978414262e+03
3.091999999999999749e-01,1.575977453409289865e+03
3.103199999999999847e-01,1.485764577471520852e+03
3.107900000000000107e-01,1.751741424018371163e+03
3.115600000000000036e-01,1.691764860404137153e+03
3.126200000000000090e-01,1.607570396366279510e+03
3.135299999999999754e-01,1.755900894199138520e+03
3.143699999999999828e-01,1.420234309609875936e+03
3.146800000000000153e-01,1.753961272883540687e+03
3.148000000000000242e-01,1.823139917443801096e+03
3.155499999999999972e-01,1.672476406795795356e+03
3.157900000000000151e-01,1.848587448725173545e+03
3.177400000000000224e-01,1.769049560574901761e+03
3.181100000000000039e-01,1.747108996253471787e+03
3.184100000000000263e-01,1.978426861969542188e+03
3.189400000000000013e-01,1.833918366732730419e+03
3.189400000000000013e-01,1.633766550002543454e+03
3.200700000000000212e-01,1.656227532830398559e+03
3.209199999999999831e-01,1.922383366227812985e+03
3.209500000000000131e-01,1.670975183447467998e+03
3.221800000000000219e-01,1.547212623130446673e+03
3.245399999999999952e-01,1.732726430314955451e+03
3.252900000000000236e-01,1.823979697754789868e+03
3.253099999999999881e-01,1.877284092087169256e+03
3.255299999999999860e-01,1.835904135006734350e+03
3.260100000000000220e-01,1.639305892657762115e+03
3.275299999999999878e-01,1.741927197303654566e+03
3.283200000000000007e-01,1.881438383999832013e+03
3.284000000000000252e-01,2.025722724374336849e+03
3.284099999999999797e-01,1.633428015296165768e+03
3.289099999999999802e-01,2.099084878262016446e+03
3.294400000000000106e-01,1.624314046678766545e+03
3.294400000000000106e-01,1.894000110478537863e+03
3.301499999999999990e-01,1.846800570337686395e+03
3.305899999999999950e-01,1.904057239744994376e+03
3.306000000000000050e-01,1.894130947890068228e+03
3.306999999999999940e-01,1.761043160509985228e+03
3.308099999999999929e-01,1.716010733516087384e+03
3.309400000000000119e-01,1.724169665565945252e+03
3.309599999999999764e-01,1.931968317016922356e+03
3.315899999999999959e-01,1.713089290222002546e+03
3.315899999999999959e-01,1.762787653232391222e+03
3.317999999999999838e-01,1.704590249942970559e+03
3.329300000000000037e-01,1.950563081396577900e+03
3.339799999999999991e-01,1.849183458971876007e+03
3.349300000000000055e-01,1.694923105064309766e+03
3.374199999999999977e-01,1.690791282512161843e+03
3.374800000000000022e-01,1.802270607381669379e+03
3.375299999999999967e-01,1.831217795096647478e+03
3.382899999999999796e-01,1.830754035003046738e+03
3.384800000000000031e-01,1.805801460761941144e+03
3.385000000000000231e-01,1.729577392760958901e+03
3.405199999999999894e-01,1.858917003823860341e+03
3.409200000000000008e-01,1.809547551354868347e+03
3.416000000000000147e-01,1.808048183478656483e+03
3.454599999999999893e-01,1.870079200879966947e+03
3.459300000000000153e-01,2.009324131282278586e+03
3.468800000000000217e-01,2.120850226909035428e+03
3.470099999999999851e-01,1.730772555244454452e+03
3.487199999999999744e-01,2.010203385161577216e+03
3.490199999999999969e-01,1.889426490318395963e+03
3.492299999999999849e-01,1.784431988540366319e+03
3.493100000000000094e-01,1.931301154021488401e+03
3.495699999999999918e-01,1.690440931643263184e+03
3.495699999999999918e-01,2.036526192141936235e+03
3.507000000000000117e-01,1.872664596291014277e+03
3.509200000000000097e-01,1.907611799099449399e+03
3.515699999999999936e-01,2.115631379773026310e+03
3.516099999999999781e-01,1.958528970491195878e+03
3.530599999999999850e-01,1.751257466839842209e+03
3.536299999999999999e-01,2.037792690000632319e+03
3.552699999999999747e-01,2.124858428956949865e+03
3.558200000000000252e-01,1.958078054445652242e+03
3.583299999999999819e-01,1.878797614110588938e+03
3.585800000000000098e-01,1.870380646327297427e+03
3.590200000000000058e-01,2.085306994813797246e+03
3.600099999999999967e-01,1.842934923626833779e+03
3.602000000000000202e-01,1.794898935520957139e+03
3.608199999999999741e-01,2.053146788006140923e+03
3.613500000000000045e-01,1.826585475766598393e+03
3.616500000000000270e-01,2.064809549019419137e+03
3.649100000000000121e-01,2.095559517227808556e+03
3.661599999999999855e-01,1.808631123303656750e+03
3.664600000000000080e-01,1.911349027871593762e+03
3.678299999999999903e-01,1.897055339535169651e+03
3.679100000000000148e-01,2.132602922377840059e+03
3.692400000000000126e-01,2.150354192505292303e+03
3.693899999999999961e-01,1.947556205287271723e+03
3.700300000000000256e-01,2.355754340593861798e+03
3.701300000000000145e-01,1.995583939176445483e+03
3.704999999999999960e-01,2.044137003454411797e+03
3.705100000000000060e-01,1.733324996184969677e+03
3.705300000000000260e-01,1.946032101238330824e+03
3.705999999999999850e-01,2.032450606590460893e+03
3.708899999999999975e-01,2.030532756923095803e+03
3.714399999999999924e-01,2.175554663742984758e+03
3.714999999999999969e-01,2.090595445876897884e+03
3.716400000000000259e-01,2.020644904388243276e+03
3.734999999999999987e-01,2.006180477966134958e+03
3.738600000000000256e-01,2.192502009078976243e+03
3.785999999999999921e-01,2.104311361430166926e+03
3.794899999999999940e-01,2.029971777494002026e+03
3.799000000000000155e-01,2.072192034769844668e+03
3.800299999999999789e-01,1.934238395591484732e+03
3.805399999999999894e-01,2.045031490989867279e+03
3.808300000000000018e-01,2.095366517951655169e+03
3.816399999999999793e-01,2.428566499995566119e+03
3.817099999999999937e-01,2.202875739381090170e+03
3.824600000000000222e-01,2.075821472389123755e+03
3.844699999999999784e-01,2.296941846732293470e+03
3.859799999999999898e-01,2.170151233414263061e+03
3.873400000000000176e-01,2.182126884595284082e+03
3.877499999999999836e-01,2.279397145134507809e+03
3.888699999999999934e-01,2.011916720710586333e+03
3.926700000000000190e-01,2.078308433867099211e+03
4.004800000000000026e-01,2.147929387656724430e+03
4.007800000000000251e-01,2.055890595984136326e+03
4.007999999999999896e-01,2.193663453760997072e+03
4.021399999999999975e-01,2.141509473763617734e+03
4.045500000000000207e-01,2.340183969182533929e+03
4.047100000000000142e-01,2.021203306350977755e+03
4.054699999999999971e-01,2.470586136038427867e+03
4.092700000000000227e-01,2.377880360752264096e+03
4.094599999999999906e-01,2.345308621200278594e+03
4.099599999999999911e-01,2.362435717094821484e+03
4.113100000000000089e-01,2.490806555149360520e+03
4.115500000000000269e-01,2.522202779777442629e+03
4.166400000000000103e-01,2.415905819757150311e+03
4.186500000000000221e-01,2.276407459149666465e+03
4.192899999999999960e-01,2.353206286944600379e+03
4.193000000000000060e-01,2.052437778676595826e+03
4.195699999999999985e-01,2.501439480024394470e+03
4.202799999999999869e-01,2.387976232770220122e+03
4.208600000000000119e-01,2.372302136618640816e+03
4.224399999999999822e-01,2.245691007833446292e+03
4.235300000000000176e-01,2.510729931373512954e+03
4.235900000000000221e-01,2.268349656304186738e+03
4.269299999999999762e-01,2.465358039513436779e+03
4.269600000000000062e-01,2.533844738848494671e+03
4.278399999999999981e-01,3.069233996241986461e+03
4.286599999999999855e-01,2.692774586958952568e+03
4.288600000000000190e-01,2.375964787585677186e+03
4.296699999999999964e-01,2.697925792119538073e+03
4.301499999999999768e-01,2.448386634144364052e+03
4.348699999999999788e-01,2.468652723116648758e+03
4.354399999999999937e-01,2.256056646555686257e+03
4.367300000000000071e-01,2.812483608466333862e+03
4.388500000000000179e-01,2.358142252955371532e+03
4.392699999999999938e-01,2.473033503389236103e+03
4.400700000000000167e-01,2.824294628182496126e+03
4.405800000000000272e-01,2.316114364146964363e+03
4.425499999999999989e-01,2.597586389120906006e+03
4.436800000000000188e-01,2.482161299213330039e+03
4.475799999999999779e-01,2.510787743732223134e+03
4.495600000000000152e-01,2.740248823742916557e+03
4.505899999999999905e-01,2.344552704872381128e+03
4.506999999999999895e-01,2.580595882531851657e+03
4.515500000000000069e-01,2.307703453579897996e+03
4.516899999999999804e-01,2.251800960271968052e+03
4.517300000000000204e-01,2.658826508257408022e+03
4.603999999999999759e-01,2.755624262891833041e+03
4.610099999999999754e-01,2.691968663045070116e+03
4.612700000000000133e-01,2.546185262000360581e+03
4.615600000000000258e-01,2.707260208372336820e+03
4.663999999999999813e-01,3.336337677383030041e+03
4.666399999999999992e-01,2.731744013424518926e+03
4.683999999999999830e-01,2.669992245265208112e+03
4.703899999999999748e-01,3.163005885345202842e+03
4.705699999999999883e-01,2.759306855817505948e+03
4.705799999999999983e-01,2.572823536115946808e+03
4.717500000000000027e-01,2.641982885673072360e+03
4.757199999999999762e-01,2.624460253975398700e+03
4.779599999999999960e-01,2.918905265657085693e+03
4.794200000000000128e-01,2.527085873303911285e+03
4.803999999999999937e-01,2.616555795014304294e+03
4.805699999999999972e-01,2.722952089684445582e+03
4.807199999999999807e-01,2.689490409732339231e+03
4.817600000000000215e-01,3.043126458238631130e+03
4.888100000000000223e-01,2.838311128529240705e+03
4.948000000000000176e-01,2.857853749311311276e+03
4.973699999999999788e-01,2.920787760207152132e+03
5.007399999999999629e-01,3.091007081261621352e+03
5.009099999999999664e-01,2.980849160193005901e+03
5.027500000000000302e-01,2.878524962507299279e+03
5.027599999999999847e-01,2.772362399221568467e+03
5.030900000000000372e-01,2.930150989834605298e+03
5.071799999999999642e-01,3.011202761304916294e+03
5.073600000000000332e-01,2.979202337147167327e+03
5.081799999999999651e-01,2.728098206088021470e+03
5.100200000000000289e-01,2.814167868111770531e+03
5.109000000000000208e-01,2.780481437040885339e+03
5.117599999999999927e-01,3.181339369798912685e+03
5.138000000000000345e-01,3.202506353346159358e+03
5.143400000000000194e-01,3.002548283836104019e+03
5.147599999999999953e-01,3.293745202605723534e+03
5.155899999999999928e-01,3.053022465199271210e+03
5.187899999999999734e-01,2.961829128945714729e+03
5.194100000000000383e-01,2.986688983186435507e+03
5.196100000000000163e-01,3.074185005925152382e+03
5.227800000000000225e-01,3.249600702898820600e+03
5.285100000000000353e-01,2.808277368109832423e+03
5.327800000000000313e-01,3.103130214753421569e+03
5.337800000000000322e-01,2.930218459831270593e+03
5.343299999999999716e-01,2.913801751352410975e+03
5.353200000000000180e-01,3.118099718175558337e+03
5.357800000000000340e-01,2.997160497683355516e+03
5.453900000000000414e-01,3.538587996703995941e+03
5.483099999999999641e-01,2.874219953287672979e+03
5.501399999999999624e-01,3.219734046608402878e+03
5.503099999999999659e-01,3.263097120409356194e+03
5.525999999999999801e-01,2.999369700950604965e+03
5.538100000000000245e-01,3.441596885298872621e+03
5.577499999999999680e-01,3.387505429726023976e+03
5.587499999999999689e-01,3.992270871022731171e+03
5.587499999999999689e-01,3.258066917147893491e+03
5.627600000000000380e-01,3.377225035072821356e+03
5.647499999999999742e-01,3.450007188671711901e+03
5.758400000000000185e-01,3.605703404871456314e+03
5.761300000000000310e-01,3.366510706569022659e+03
5.766099999999999559e-01,3.378625067829152158e+03
5.782399999999999762e-01,3.435895922135031924e+03
5.782800000000000162e-01,3.368681876059305068e+03
5.787499999999999867e-01,3.349577263823550766e+03
5.796000000000000041e-01,3.277781502110037763e+03
5.806000000000000050e-01,3.577420571367327284e+03
5.807299999999999685e-01,3.843350567307897563e+03
5.829400000000000137e-01,3.538099156474376286e+03
5.832800000000000207e-01,3.995949582229708994e+03
5.837499999999999911e-01,3.417590312789262043e+03
5.837499999999999911e-01,3.738608594350393105e+03
5.857499999999999929e-01,3.925364585819056629e+03
5.872800000000000242e-01,3.704674022107154087e+03
5.887299999999999756e-01,3.468726035078672339e+03
5.902699999999999614e-01,3.524357861343933564e+03
5.918499999999999872e-01,3.377380565614453644e+03
6.006000000000000227e-01,3.634460891445857214e+03
6.032600000000000184e-01,3.959223330718306443e+03
6.082499999999999574e-01,3.592030370859657978e+03
6.098700000000000232e-01,3.880967447399633329e+03
6.106399999999999606e-01,3.760364984524205283e+03
6.112400000000000055e-01,4.244631571307811100e+03
6.157000000000000250e-01,3.919674467773575543e+03
6.199200000000000266e-01,3.772940879234568911e+03
6.206300000000000150e-01,3.821905988098996659e+03
6.218900000000000539e-01,3.648883520025463440e+03
6.252199999999999980e-01,3.732759418937403098e+03
6.272299999999999542e-01,3.653255106345686272e+03
6.305600000000000094e-01,3.494459407760529302e+03
6.307099999999999929e-01,3.646195913562098212e+03
6.319000000000000172e-01,3.253419010304049607e+03
6.322200000000000042e-01,4.093831845413936662e+03
6.377099999999999991e-01,3.580964371026347635e+03
6.382200000000000095e-01,3.784512987799592338e+03
6.419099999999999806e-01,4.020777120667850795e+03
6.436399999999999899e-01,3.994937598861444712e+03
6.436399999999999899e-01,3.989330340600852651e+03
6.476399999999999935e-01,4.028839811630947224e+03
6.486399999999999944e-01,3.866606707597620698e+03
6.620599999999999818e-01,4.263340305553259896e+03
6.646400000000000086e-01,4.043337558761825221e+03
6.706499999999999684e-01,4.335008965455880571e+03
6.776699999999999946e-01,4.870123785979773857e+03
6.819600000000000106e-01,3.976582527887976994e+03
6.836600000000000454e-01,4.664660062626046965e+03
6.851699999999999458e-01,4.454510633598980348e+03
6.886600000000000499e-01,4.005345646100438444e+03
6.906499999999999861e-01,4.271102559375404780e+03
6.931500000000000439e-01,4.358027837152666507e+03
6.971500000000000474e-01,4.330419801850980548e+03
6.981600000000000028e-01,4.349907281061115100e+03
6.991500000000000492e-01,4.323246514392558311e+03
6.991600000000000037e-01,4.547681071004926707e+03
6.999800000000000466e-01,4.682847339039351027e+03
7.006400000000000405e-01,4.264223900449994289e+03
7.011500000000000510e-01,4.589337532794093931e+03
7.019800000000000484e-01,4.190829574049897928e+03
7.019800000000000484e-01,4.443651587876084704e+03
7.156500000000000083e-01,4.454408065882027586e+03
7.186799999999999855e-01,4.147916450320691183e+03
7.196299999999999919e-01,4.416212879563570823e+03
7.201300000000000479e-01,4.836375361208348295e+03
7.206799999999999873e-01,4.521577717971806123e+03
7.266799999999999926e-01,4.570987145805634100e+03
7.276700000000000390e-01,4.505468939194438462e+03
7.301199999999999912e-01,4.302095036028070353e+03
7.336200000000000498e-01,4.462929228376430729e+03
7.340100000000000513e-01,4.894518788893747114e+03
7.349999999999999867e-01,4.180324543961935888e+03
7.350100000000000522e-01,4.992867029063013433e+03
7.356099999999999861e-01,4.941399876043981749e+03
7.360200000000000076e-01,4.849422241624207345e+03
7.366899999999999560e-01,4.322052122254235655e+03
7.399999999999999911e-01,4.455741630433434693e+03
7.420200000000000129e-01,5.401943033522140468e+03
7.427000000000000268e-01,4.618596264837230592e+03
7.456599999999999895e-01,4.802529043984942291e+03
7.461299999999999599e-01,4.376430136868754744e+03
7.490900000000000336e-01,4.386417848099218645e+03
7.506800000000000139e-01,4.291409912283690574e+03
7.566899999999999737e-01,4.874499161275098231e+03
7.590500000000000025e-01,4.910661516643044706e+03
7.607000000000000428e-01,4.624342580461060606e+03
7.610799999999999788e-01,4.907157530405379475e+03
7.615899999999999892e-01,4.733147078418181081e+03
7.655999999999999472e-01,5.030486640748184982e+03
7.665999999999999481e-01,5.363027204851829993e+03
7.666800000000000281e-01,5.322798183537557634e+03
7.670599999999999641e-01,5.714523197140449156e+03
7.685899999999999954e-01,5.266959756057682171e+03
7.730700000000000349e-01,5.190509616495523915e+03
7.765999999999999570e-01,4.998503493767085274e+03
7.880500000000000282e-01,5.027823227658626820e+03
7.890399999999999636e-01,5.293708219174945953e+03
7.965600000000000458e-01,4.475999197584044850e+03
7.985700000000000021e-01,5.650670713353100837e+03
8.006999999999999673e-01,4.410725190745855798e+03
8.056900000000000173e-01,5.002072706155817286e+03
8.056900000000000173e-01,4.817037197722779638e+03
8.060300000000000242e-01,5.381210736248582180e+03
8.080399999999999805e-01,6.186855887906875068e+03
8.090199999999999614e-01,5.267323597314767540e+03
8.107199999999999962e-01,4.964779900060684668e+03
8.136900000000000244e-01,5.411902950930465522e+03
8.177299999999999569e-01,5.605572836690446820e+03
8.221199999999999619e-01,5.170350677652006198e+03
8.226900000000000324e-01,5.586245270750818236e+03
8.285400000000000542e-01,5.748704695507074575e+03
8.369900000000000118e-01,5.509091682782895077e+03
8.381399999999999961e-01,5.139253022834858712e+03
8.399900000000000144e-01,4.842392630895330512e+03
8.405299999999999994e-01,5.302858027704826782e+03
8.421399999999999997e-01,5.561859323165666865e+03
8.479700000000000015e-01,5.522045744453575026e+03
8.485200000000000520e-01,5.576349685815798694e+03
8.507299999999999862e-01,5.542810104367531494e+03
8.529799999999999605e-01,5.508584300053699735e+03
8.539999999999999813e-01,5.527897733986832463e+03
8.585099999999999953e-01,5.872729533183649437e+03
8.585199999999999498e-01,5.066872779071559307e+03
8.585199999999999498e-01,6.149644348342030753e+03
8.639700000000000157e-01,5.744470453495557194e+03
8.645000000000000462e-01,5.673616801294788274e+03
8.665000000000000480e-01,5.615261681642337862e+03
8.721700000000000008e-01,5.598091594497605001e+03
8.779599999999999627e-01,5.812058808555149881e+03
8.907300000000000217e-01,5.200917921587508317e+03
8.931999999999999940e-01,6.246259169574461339e+03
8.969300000000000050e-01,5.761691486661534327e+03
9.017300000000000315e-01,6.061219335825870075e+03
9.107499999999999485e-01,6.343369358310555981e+03
9.134799999999999587e-01,5.698886400577936911e+03
9.222299999999999942e-01,5.636376558259536978e+03
9.222399999999999487e-01,6.228020020860344630e+03
9.249100000000000099e-01,6.734727065388839037e+03
9.262399999999999523e-01,6.819303192397716884e+03
9.278999999999999471e-01,6.851410674962555277e+03
9.318899999999999961e-01,6.160131739364212081e+03
9.322500000000000231e-01,6.619116119411211912e+03
9.338899999999999979e-01,6.808634169535314868e+03
9.350000000000000533e-01,5.411529122830429515e+03
9.367499999999999716e-01,5.947575995939723725e+03
9.468800000000000550e-01,5.785088404700529281e+03
9.484599999999999698e-01,6.506538441504752882e+03
9.507600000000000495e-01,6.561905927776777389e+03
9.588600000000000456e-01,6.939529079861645187e+03
9.607400000000000384e-01,6.947843061447470063e+03
9.607499999999999929e-01,6.233328283785576787e+03
9.699999999999999734e-01,8.000000239617268562e+03
9.751999999999999558e-01,6.625520468493653425e+03
9.832999999999999519e-01,6.857881871075573144e+03
9.834100000000000064e-01,7.008095316467923112e+03
9.837700000000000333e-01,7.321667461023220312e+03
9.963999999999999524e-01,6.605869653874014148e+03
9.978099999999999747e-01,6.345122338209394002e+03
1.002790000000000070e+00,7.869733034371489339e+03
1.014000000000000012e+00,7.093980657712348147e+03
1.020000000000000018e+00,7.185715195039364517e+03
1.028790000000000093e+00,6.695453527627385483e+03
1.060799999999999965e+00,6.568406164337050541e+03
1.092000000000000082e+00,6.421995545645666425e+03
1.120000000000000107e+00,7.812319566620350997e+03
1.205999999999999961e+00,1.066276898327336130e+04
1.229999999999999982e+00,9.543331283085342875e+03
1.229999999999999982e+00,8.654261224102707274e+03
1.300000000000000044e+00,9.638956048738400568e+03
1.304999999999999938e+00,8.567221589748456609e+03
1.314999999999999947e+00,9.738005152487339728e+03
1.330000000000000071e+00,1.001566984302095625e+04
1.340000000000000080e+00,9.398098662660740956e+03
1.370000000000000107e+00,9.620109159262139656e+03
1.389999999999999902e+00,8.966232578400855346e+03
1.540000000000000036e+00,1.151966898723081613e+04
1.550000000000000044e+00,1.206174103629461024e+04
1.699999999999999956e+00,1.235492177449155861e+04
1.800000000000000044e+00,1.318924695354419418e+04
1.913999999999999924e+00,1.294732351914145511e+04
2.259999999999999787e+00,1.800528499698872110e+04
